304253192
232758019
226837103
234129271
228797022
229160862
228165132
233732719
224779706
226726142
236830503
232871954
225865054
241982991
227964833
218597881
222649367
227277365
221311660
218156652
222456538
227134988
220182905
219194534
227137212
227765840
218956780
220703717
220585183
221383975
224058825
220563860
224781669
219077897
224268992
220995933
219225188
224698232
254606250
221868521
214400898
217815528
217588025
214140474
226461052
217412564
227367662
220570651
218478819
225748275
220303366
251665744
218142193
226235936
220944007
215239797
217630044
216987358
218573445
217691823
218925917
224484219
219377475
235359531
220796650
218347616
219436501
226333820
221101331
220239029
218727705
223609469
220454807
217802247
214721638
230116074
237628908
215178174
219587252
218227986
223420608
220208409
224990149
218181574
226462769
219215045
222714555
220375830
252633297
219030471
217699025
225609143
217196507
217232084
226136683
214738206
226081947
218228047
214310193
215597991
220593363
235399987
216945129
223844077
220335517
232026005
214953758
218600970
223090141
214434673
220791807
221833610
214988234
244737428
241846365
219429924
220863868
222754009
221152872
214060111
213797737
223796889
219744468
213313321
218392424
221791506
234983739
216089521
220987068
214905575
213757575
223750561
220473841
221222485
220563305
213451318
220549386
214450053
247336178
225382977
213271656
222501494
214908220
236319204
216664183
216577976
223819629
218286568
219976486
217783013
218328199
236390995
221168300
220317515
213061918
219564742
218776474
221997679
219478848
226056025
231694412
217672284
