6180304
2040126
1888690
1280269
1469275
1407670
1373350
1454066
1412283
1597151
1387256
2400930
1575399
1748417
1380592
2979407
3266473
1462490
1435830
1307979
1484445
1544423
1855415
1282560
1571571
1333336
1922419
1447389
1367722
1595791
1704371
1521948
1512154
1354747
1257679
1763664
1650879
3424415
1378799
1551140
1561433
1500783
1724027
1389004
1704550
1453677
1315323
1418993
1411527
1264630
1647702
1795718
1300129
1265515
1352838
1287460
1268822
1570270
1633677
1421632
1426057
1341771
1487793
1315444
1483607
1411165
1579907
1242300
1674083
1796283
1570632
1299860
1616083
1296959
2379388
1964429
1412429
1308615
1456582
1499626
1644834
1485509
1463596
1772994
1307806
1309920
1626544
1549083
1397195
2459330
4268889
4512670
2095692
1602391
1465136
1359784
1550562
1478972
1553420
1865374
1492605
1431404
1513804
1418826
1308376
1471335
1395325
1539271
1641254
1419382
1564896
2669500
1449533
1456436
1472358
1531979
1510486
1523252
1415250
1360953
3624907
1182851
1677493
1566921
1469385
1690955
1963188
1428563
1742534
1477373
2167808
1515048
1173717
1617194
1332898
1377825
1532203
1570181
1277116
1545877
1287225
1682281
1282105
1458488
1480125
1233616
1496811
1395428
1717780
1527736
1166700
1405641
1498001
1229171
1264984
1357201
1821951
1559852
1304693
1646198
1326862
1197933
