1489175
2609279
1882415
1621702
1848313
2584056
1831884
1763467
1915616
1905455
1918836
2184071
1939901
1745759
1918222
1720179
2052146
1775438
1720417
1639357
1956884
2168816
2528083
1839043
1522687
1793077
1889264
1810112
2208187
1557708
2169808
1891307
2074816
1737316
1996871
1573951
2428517
1956757
2036053
1860527
2443793
2119916
1887626
1948818
1917903
1905348
1873733
1656102
2068812
2587678
1909607
1849829
1726291
1857904
1773547
1847393
1961279
1925657
1823193
1970411
1997368
2181565
1743725
2409233
2156136
1853364
2190626
1953801
1901741
1902529
2044825
1810745
1840833
1910504
2210227
1797425
1854826
1924919
1836583
1734288
1619157
2363794
2928415
1570408
1963203
2193112
2029256
1669909
2047013
2200277
2155282
1957569
1958138
2007405
1364136
1957970
1930975
1795086
2055241
2232049
2098537
2047763
1480502
2058516
1898655
1877198
2369546
1453135
1881432
1961355
1701639
2029608
2406224
1890925
2143668
1919860
1946095
1748987
2243009
1869516
1830071
2132816
1832626
1822665
2455607
1881590
1806331
1945365
1650454
1925635
1875586
1713118
1659194
1873035
1492600
1634035
1901684
1975048
2007103
1831277
2099084
1966075
1901615
1663479
1873265
1867718
2214513
1907934
1570359
3110895
1856894
1676476
1583318
2081762
1660023
2087565
1916354
2228488
1921900
1577620
