20700
40539
28006
47291
24035
84344
42822
47367
46497
33479
51810
73495
54383
34984
41883
45691
80674
39822
57234
72850
36078
58901
105541
81584
36436
49969
42578
52956
82359
37591
68946
57833
103458
61221
66595
35924
98670
54963
54041
74599
55395
44828
63186
66193
87071
83234
80914
74419
71780
77232
53848
37570
56175
60229
49835
49326
56579
53026
53629
71298
54917
38701
62893
76630
46355
57028
68556
54314
86810
47137
87736
49366
40280
39827
58206
50702
70093
64870
60899
89402
54379
75415
1073097
76779
64955
83496
62282
44373
50405
60350
35291
84519
53342
61828
58404
59578
93712
82017
76702
75579
37761
75128
42307
60333
50104
53445
63803
49427
60605
38425
36624
70919
66524
81487
55993
47160
36802
68011
36742
42563
72803
56173
48572
95428
110717
74628
87031
45519
42308
71783
42972
89790
53389
58826
69299
85039
48735
60372
49938
53445
79347
99860
51089
78285
51411
51462
58209
60381
80071
91041
78841
53953
45972
61699
73872
67229
44340
72447
60165
39097
