43210
67877
169234
22349
51492
25677
26071
26556
25131
107035
53792
102578
24587
81865
61269
53451
58407
51179
61297
27053
51518
30039
30775
46654
78196
53225
24474
27408
27070
72291
61658
54253
27755
71643
53310
25329
54233
26533
40785
55016
68132
77564
52468
70727
76719
28701
41764
25836
54756
51854
68769
54467
43685
64934
27084
52450
74706
51158
29935
72741
52513
87884
23148
53872
54619
28041
56274
29758
37383
29997
52683
73411
26300
55738
33395
29608
28472
69307
47617
69653
31566
26828
27712
53463
75531
24908
55514
54098
26595
26313
32207
58324
44758
75445
102821
75767
69872
26978
31821
53856
30502
42311
71222
46203
27714
26355
23930
52428
59256
24745
53178
64267
28139
27055
41335
29964
55724
29721
30070
31184
60249
70299
26055
25884
31226
60085
38223
46440
56494
24732
52974
87115
85318
52340
25805
50882
54983
26445
23653
54460
51916
63343
24022
52297
73142
71740
27495
25556
54738
27852
34226
32816
53736
45894
54700
30892
31186
55669
52891
74306
80669
32975
