174549
81897
101967
82963
80615
73356
35557
129918
103363
110121
58404
105033
89114
82391
62667
111039
68072
76357
95512
78748
75801
81825
91792
123057
33926
98189
76497
86360
75617
107764
84349
107456
117856
115845
77016
41130
75848
107002
108992
88712
122199
117611
107220
102426
136497
87504
78874
112144
135861
66466
49864
125889
73006
122797
116003
140583
86012
144343
115142
95843
76461
98517
115672
77776
94292
83182
49652
35592
129414
87507
100273
127343
88408
37376
39843
89118
96143
119413
91564
134218
94664
104514
137947
84525
75190
127346
34512
83553
54937
103142
99621
87429
148945
156619
154925
63009
91483
67558
110017
98104
82139
54640
71927
98636
86162
99200
145171
105915
91554
89419
38673
84411
68973
70090
108186
88254
36267
88429
69708
177785
93639
37423
102129
87666
48210
109625
103825
84001
112596
167277
98369
101602
89822
66546
154114
79937
88464
85009
112161
138042
55785
105930
88032
86274
82596
81919
106864
95080
63762
46121
104064
96316
81071
104832
106633
104775
112300
99179
93636
62647
