413644
298848810
300101876
694816
283890
300341127
297855563
298078702
301871022
615573
296019925
299234350
298575006
1072917
1820384
300468759
301796940
298081850
299730653
296695175
207292
297591753
298823220
300612282
85070
301108570
299465955
299103663
297929872
298757747
299574572
302035161
298056434
301015117
298051023
957128
298981672
299080116
298531325
301924552
299160240
298233620
299792888
298453288
296945223
301278716
299545233
299353542
300525655
298015330
301137820
298738719
298271485
299706162
299929727
297600203
299729424
299433057
298963764
301916067
296881336
300939776
299507067
300526913
300050063
299274207
300204975
380611
299361173
297744292
301350604
297240688
372944
67326
299684637
298966942
299803257
299738570
299758611
300047171
298949192
299810306
300161016
298149103
299162115
298315756
300984530
297545245
2552814
2410491
300718726
299170415
299635617
298995877
299773400
299258981
300279267
299684599
298783598
298882196
69805
300196218
298255919
299774511
299396334
299379665
300594599
296037625
301461172
749552
299381953
299276715
299367225
298318299
299674456
297691129
299947599
302247665
1458447
297507649
301531664
299888717
299945007
299570299
299806987
299528154
299073309
299774803
299618606
299844462
298450246
299423344
299165230
299018483
299920115
299241335
297512881
301557524
299316402
300031206
299319451
300416825
298954318
299381563
299121083
297700107
300287897
300351396
298128570
299968490
296349310
299051080
300685591
297448779
301369558
297337375
301301717
300538943
298504117
296770768
