59272408
71343916
65848779
70742458
69040221
70512487
65066268
72663900
74412873
66407769
62727473
72308434
56150144
68891615
80147707
77072676
73659437
76712702
81177669
73491024
74894329
76540362
79216964
73379109
71349265
81274704
78413692
77894748
75778939
74567966
77894657
76450712
78763752
76148555
76949087
81380118
73777017
44285825
75718922
87156305
80765952
80733687
84795798
71526901
79019437
73535088
78467092
80577207
73946153
77395900
49444346
80360372
71775749
78357110
84271195
79290188
81925121
80458131
80904095
82398564
72236554
81255656
64041932
79072453
81557100
79296372
73045847
77204678
78153881
78682535
76992443
76457066
83880724
84343819
68849237
60995246
84023914
79433706
80697389
76026131
77961860
73895968
80706335
72433753
78871244
74702169
80263163
44217571
82130078
81192431
73989184
81648827
82059835
72712805
84427375
72731796
81316178
84945594
82618372
78140661
64324057
82189949
74380345
78393811
67306758
83709819
81272102
73116712
86200057
78183917
77549721
83295729
54221378
56760429
79534811
76283324
76835736
81046867
83589205
84084692
77015496
79237699
86865948
80650191
77153582
64621301
81600248
78130821
83946326
85333539
74535385
78356312
77880172
78142249
85531402
78254324
82806056
53771539
73715169
85937962
76131615
84713579
62112060
82757072
81681947
73714230
81262815
79772642
80365843
80782056
60712168
77797685
80014424
83568644
80844111
78263783
78960982
80262528
72843175
65121866
