45383
1001663
169440
49799
97477
28445
70801
29174
29114
123702
57159
108017
51594
84550
75938
73331
59209
64148
64980
63140
89373
33371
32819
50385
81908
114417
28195
53667
55296
81475
68013
97234
32310
78935
105202
61164
71623
32133
67889
58960
69615
84648
94840
74139
103101
29440
65303
55468
74219
69168
92147
57525
45798
67614
55760
62274
79958
56948
77227
101203
54679
91969
55246
74164
71331
30228
60735
31848
42418
32424
62966
80366
72606
66915
78099
33379
33185
76070
48421
73629
78259
62027
56827
57839
81258
55046
58926
68310
29875
52343
35902
96714
47979
83266
110631
81037
105221
54955
34752
57313
71154
70414
76325
48737
55411
30836
69941
62310
61951
28314
72108
86681
32902
32900
48218
32726
59532
34121
32981
75068
63696
92165
55170
30246
77131
76450
42438
103245
98057
81209
106196
87583
92230
90261
28524
56962
105229
57895
26186
78183
66504
65331
28762
84296
80779
78649
30116
29961
58072
30804
56319
38138
67675
48523
76962
35465
53107
59976
71526
77544
87701
57000
