62001611
73215759
67567644
73265369
71448526
73039463
67132785
74839884
76558342
69313582
64721659
74983348
58015952
72497671
84330133
79132692
75769624
78687212
83092116
75677502
77530422
78594680
81678659
75226585
73658449
83465422
80304924
80136001
78253529
76570008
80579192
78509118
80688767
78682025
79302378
85268055
75646179
46739409
78013551
89329748
82927733
82793784
87277525
73541658
81088061
75628043
80628360
82473065
76358606
79818266
51607467
82306886
73583618
80199566
86149643
81482249
84287026
82513852
82965460
84498559
74351240
83244296
66057064
81311026
84069656
81315230
75441148
79981987
80313155
80702212
79336386
78468386
86914263
86818402
71026089
62946913
86141249
81725387
82901835
78230967
80177719
76583992
83676316
74385278
81261055
76948604
82520074
47006493
87218111
86320270
76851775
83972024
84122388
74725518
86556195
74825819
83552640
87255186
84585168
79908371
66934966
84405211
76190351
80520845
69246690
85980487
83659522
75113717
88527721
81436255
79466641
85668079
56618499
58676049
81803050
78408225
78917387
82968755
88026112
85927774
79306526
81796218
88972206
82872137
79629106
66629867
83948195
80217506
86505600
87447440
76266668
80519078
79697957
80293924
87644969
80419743
84865411
55975411
75636724
88243618
78326853
86947578
64324441
84410108
83899362
75829410
83759961
81814798
81883023
82909608
62894986
79498794
81708755
85679275
83331945
80674052
80694952
82738954
74857375
66570829
