943005
2982131
1563307
1764279
1802102
2141973
2458545
2087783
1695946
1403219
1964499
1612077
1577826
1798351
1641550
1807926
2902103
2493797
1392632
2446753
1936120
2173125
1866867
1484557
1873118
1583163
2410346
1817250
1553333
1720268
1478715
1660328
1957562
1387759
1973623
1703122
2488023
2356043
1768948
1905938
1953221
1460949
1713401
2081073
1677000
1756035
1340536
1657186
1928971
1854974
1728988
1866174
1727742
1619227
1521140
2072018
2036574
1833328
1776649
1972372
1887804
2108833
1827041
1245725
1274954
1899694
1661049
1801019
1892671
1846532
1875006
1898585
1445555
1615255
2351773
1615543
1593251
1770230
2224098
1610806
1875479
2172981
2077022
1677610
1975655
1861982
1763160
1694297
1814726
1594053
2364275
2052599
1559134
1894415
1681061
1590661
1898619
1829846
1832636
2049429
1695098
2050601
2214622
2211864
1894201
2087496
1901512
1726815
1855505
2581774
2194507
2082232
1795090
1692261
1558880
1918810
1793756
2119326
1769946
2085982
2064841
1726305
2758295
1879735
1855018
1703966
1599164
2330621
1845348
1662537
1867499
2109106
1618486
1561852
1889739
1988603
1738086
1617565
1991197
1843290
3681691
1713792
1956209
1904263
1962875
1820033
1994396
1947596
1905725
1541759
1749687
1953984
2048195
1857330
1779297
1812370
1887916
1596540
1785164
1893826
