266380516
230655171
227219729
229443665
226650516
229836123
235623130
242795396
239821603
224893780
224748587
224211181
222424294
220929919
252375856
231252904
225310909
230783583
222333506
220554416
218651998
216512087
216866786
220398324
224915037
218551200
220317278
222624001
217434566
221499952
216597203
231429582
217903280
220076462
214528689
213843809
225617364
223315878
216687490
215455110
219990612
214652486
217624438
221076444
216283375
220651440
220769325
217537282
242603004
215030641
215251661
218136043
216972134
215691372
215607175
215328850
233680540
216370479
215186723
215060371
217508280
215878737
214058898
215619457
215351196
239938196
255318590
228065503
218670128
230153626
217618216
214975356
216299228
214796187
226966747
217288043
215077283
215972284
219804786
215392039
214411790
214393062
229025606
259333035
216634692
229256082
216585810
215217949
213558698
215025531
220291414
214954178
218839880
215630522
217413058
226136740
227641213
220688301
217144840
231115448
248598563
226686844
218184470
216043711
222158867
218758935
217420822
216481472
220335501
214858162
217684204
221475123
216384478
217619951
224761565
217426564
236692517
253758917
224199970
225454531
227015848
225273997
219902575
226383014
228344381
220376491
225133863
227248939
227341873
217116491
227093481
228240287
228305907
255243468
235658589
223967206
224240965
223525881
218711804
219329890
221614462
226385037
226904806
225721874
212981735
