7096590
1546830
1827651
1358061
1695287
1510279
1355243
1472042
1636878
1502041
1632918
1272275
1273518
1355121
1425285
3011963
2440655
1445681
1395560
2376769
1644521
1253055
1235435
1530421
1313782
1414663
1384104
1242951
1233000
1268310
1340426
1513539
1224786
1299500
1272499
1230856
1476517
3549919
1966857
1807578
1410083
1486643
1606714
1158179
1497683
1716718
1373607
1192365
1347076
1234507
1541158
1416863
1301834
1274298
1544316
2880749
1559786
1500544
1463214
1392900
1330672
1378018
1338428
1426027
1618322
1131756
2050732
1482244
1076321
1189927
1187529
1572404
1468894
1443704
4784952
1173527
1591227
1555478
2151949
1395785
1336929
1282269
1251373
1493627
1564590
1329744
1468236
1618545
1349393
2585622
3265940
3983218
2388849
1559706
1303670
1502985
1297503
1479404
1843729
1230546
1366733
1676308
1524352
1543169
1626081
1838286
1747503
1742997
1562457
1218112
1397009
1277397
1703030
2074996
1801791
1366206
1268773
1307704
1249718
1609572
3352937
1447692
1386200
1500246
1487223
1553006
1692820
1299968
1099059
1254619
1487374
2877442
1589436
1670360
1510540
1315853
1345637
1409333
1411994
1404540
1289223
1223295
1281317
1281860
1380751
1351490
1485875
1446567
1485532
1739679
1399574
1177315
1234426
2114511
2255992
1348768
1676681
1393318
1273319
1280602
1440909
1439432
