136371897
101610119
75986541
46129762
18227194
218009688
186647052
147544490
105067941
65435013
40140562
15011555
213443376
188168805
164303145
144507356
91175388
59046285
30574194
231235528
200013785
175376467
152806495
135711744
118988129
102320391
81403252
55241526
36040734
14931716
211849987
191130054
170779410
148379414
134671343
103987967
84468391
62975144
47704218
33866293
5760716
203124876
182067698
163494513
144548691
125737108
110469883
92372812
69004662
53875631
33087506
11140739
210014634
195907738
148779610
131107140
115427640
95934430
80777663
62480515
45692853
32633129
232183650
195279071
182159894
165850107
149092917
130661986
113965875
99585358
82891751
67537448
30246656
232224119
176392718
141431211
122633071
91739142
72700770
57687109
40099073
25180798
225084714
196443855
178303097
162859568
145575210
125810770
109281466
96655350
81241224
50281417
249175168
189168771
171710324
141970880
125580973
108760119
94534297
79183022
57527905
42021717
22772016
6426409
206318964
187941684
160794300
131721739
109996276
92687354
61174001
12006586
210558657
182937686
163072160
148430472
124450227
105602928
88487493
70234769
49022361
34062613
15677137
215814008
193402203
175755524
156496389
131596930
113722938
78100393
21798688
221786109
196164247
169362266
141424617
115487074
95351946
67628345
38728715
17483643
217440702
192055550
163198129
136304190
118314857
88973340
56956453
28445492
229370634
171064729
134806883
112695101
86756124
63201250
43715619
21486132
221358662
198960601
174163992
150920476
