23360
24348
78302
35229
26632
48296
45243
44315
33368
31923
30745
46479
44509
19105
20273
54756
42574
28414
50099
44843
27471
33022
34135
33754
26311
30227
76518
29607
28001
35087
27096
25875
34575
43314
79160
47094
50276
36726
45625
30585
65919
34388
26264
50297
30855
24423
32133
29444
59901
28017
27451
27666
30176
41613
42074
57680
81377
29408
30440
52841
42917
87564
28199
32575
37843
42601
27199
36224
28892
53904
27164
37669
51961
27067
63192
42580
21612
57173
26728
46943
25847
66231
57700
32573
27860
51637
41132
23677
22463
32975
49777
48626
27400
45425
71406
64216
39933
26646
25972
39023
35122
35044
77673
76571
40941
83391
33983
85755
64920
73657
51572
64602
43551
26720
42418
30327
35505
69342
22020
81236
75215
27299
33369
87318
64916
60703
27199
50025
33705
41346
49491
32899
25854
24083
27055
24873
46528
30321
34817
29315
41333
52776
35512
47717
39775
28418
41804
75282
55404
24542
51099
69229
28492
53732
51819
42795
28766
28391
54202
31922
