19355
89142
122911
32926
39571
39537
68387
62127
82024
72012
65867
37922
42546
79813
54336
70652
60652
40967
78972
99663
65014
38594
58657
42129
32871
62896
60281
58805
66529
36924
67640
41009
57518
59676
65788
30327
45369
36943
131013
95623
108237
86137
77578
62028
82754
62627
92050
58423
64217
69723
105170
68992
71898
41111
36516
56603
72222
31806
33572
33338
69045
60937
59720
123055
69418
35929
87830
103618
76673
59992
100719
37654
45568
48884
58584
59276
68970
60408
43590
124625
37217
73531
41098
97850
116127
67841
70150
88600
62324
61120
37235
63485
70392
59906
65343
74352
69930
91017
43661
78514
97604
52253
37995
40274
59428
38779
85170
70263
36999
115552
62879
70617
88024
72088
60268
83933
64672
69972
73167
41529
71696
81693
84268
66541
66794
70030
66979
62051
56720
60626
98761
62377
108453
90772
62883
65006
66102
36905
32941
64816
87610
38216
44375
36861
57852
60734
80930
76623
85521
50610
36528
60517
74294
62219
93260
63771
37324
55520
69847
61727
47578
34901
