21103
67960697
97985709
128073705
156411935
183803349
15169829
52568437
98280721
138400778
162033080
187247625
13782092
38745381
60235716
110722585
143112666
170013078
2087672
24949447
47897390
68255131
83358634
100528682
120928500
146233645
165918026
186896526
13343653
28946157
53298483
70721720
99382684
118801159
139516471
155029691
168976390
194845009
22634411
37748794
54855197
78068162
91396164
109815673
131406122
150161504
169666230
190387978
10199792
50909601
68860094
86896776
105565880
123634319
137542525
155978734
172382247
4802299
23302150
36433567
52161014
70735410
87734045
102809379
118974001
135204632
175157383
25487293
55004721
80108566
110969348
128759161
144979441
161285670
177350662
5393161
23436513
39481823
55985514
76700580
93401925
109666934
122904279
151952617
12813839
30411506
60196580
77445261
92783667
107360531
123200248
144352083
160343334
179805686
196291168
14445238
41788834
69666263
91713000
109832467
141145436
190841293
19260686
38144416
55495421
76132318
96945321
114938059
132573580
153136304
168849457
186561107
8782614
26112141
44399220
70473444
88468377
125893398
180083185
5838276
32300287
60455613
86487755
107060844
133838227
163343309
184139543
10295604
38154036
66635187
83492664
111971895
143176271
174351531
28758936
67143983
91786654
114809894
140413127
158196411
178693382
2984489
29953276
55479792
77643535
