1599385
198213458
199472782
347684
165876
199948370
199256437
196925273
524249
201688352
199501879
501717
198933538
1093737
783029
202633322
199632459
198440404
197256596
200292761
199021293
197799925
198093870
201694709
200331926
200488905
200226430
198491686
199516603
199031231
196781624
202332664
197484678
199056099
203460686
1709221
200893964
198825121
199451320
199925811
198017471
196712185
202329376
198905154
196749318
201471913
199530155
199775782
198064289
201318067
200310527
199131640
198340336
895499
197224115
198013373
199570310
198956596
202127598
197522475
199104518
202522305
198959091
197355878
891481
200489654
198594771
199328756
199034883
199910201
199383489
200350075
2802012
204779475
199583479
193307542
474376
200564514
198770606
199930388
199018735
200122864
199300609
198608181
199467864
199765910
199113109
738799
1532386
2236452
43662
198965692
198526025
200011848
199722862
199910760
200796107
199149209
199483531
200040786
199119142
200054142
199973459
199618644
199623604
199600650
199558417
199054211
199430748
200052106
199065892
199971042
198583301
199755466
198903285
201581898
198259468
200077060
1483432
200419148
199218522
200073420
199619114
198759584
199489350
199400620
198615089
200074329
199384560
1322041
199685190
199738944
198899504
199385660
199748285
199391944
199737283
199170651
199877627
199036777
199488456
196982834
198946872
200438109
199429557
198189135
197680196
200137778
200692295
197381449
199773786
201875561
198876034
200732435
52627
197874652
199738478
199311149
201858165
203999921
