129213
40155
46719
57661
95488
137310
125545
113669
84578
46387
53737
91062
97080
117321
107622
61922
130991
143510
145066
105638
81351
49600
39006
102540
65967
65904
77664
68110
134591
48152
112460
80577
128518
38292
52112
85799
146099
119969
121932
149789
144581
150199
91502
149099
133146
98466
101717
77834
152551
132685
83286
48747
116363
107221
112431
45046
41675
41841
91345
72654
72139
140954
139856
126395
104436
142706
97082
117612
114646
42375
52485
88140
70012
111473
73365
107537
47017
136741
48979
137294
59571
108711
164419
73701
82744
135888
135206
100163
48302
101917
118512
71714
75146
80845
151165
100383
57800
146304
107964
95745
45453
47456
99906
48949
149074
93947
72909
123780
149223
145953
96771
83384
132989
101114
103260
80066
83501
45305
137460
128118
93864
148651
104852
79725
112718
83190
66297
69672
108316
74903
126390
133140
107080
107725
78149
43521
47966
111211
117447
46247
144325
111563
117039
68939
103723
92911
93350
63970
81744
125483
119027
121902
164011
105034
43139
60670
101848
114983
64623
40241
