133549482
99919458
73860957
43698062
15954983
215594341
184115113
145736408
102511146
63675864
38371520
12664612
211672335
184800727
161547946
142630083
89229777
56188341
28507182
229713245
198343808
173404035
151125041
133994048
117140097
100337852
79649151
53402155
34349307
12882847
210318518
189473347
169036284
146774815
132790406
100019787
81448362
60383843
45693946
31866895
3641759
201792355
180127940
161471497
142798803
124245530
108802731
90673917
67041174
51960928
31237843
9326528
208266194
192686654
146991787
129089874
113370572
94106783
78983172
60424814
43788789
30351903
229948934
193993305
179607360
163804219
147606651
129066515
112240035
97396017
80940872
65595020
25058619
230725816
174117137
139495611
120093297
89725743
70819208
55956542
38322810
22972819
222742667
194706628
176321941
160828220
143907517
122885386
105549786
92325926
78094840
48047617
247593859
187209039
169936760
140057967
123242890
107114082
92668641
76819499
55430099
39998478
20383880
3921018
204148104
185537258
158701748
130026535
108205856
91041246
58887178
9409019
208422370
181061152
161413534
146790614
122624675
103246139
84784339
68078178
46785283
32027963
13681809
213563351
191304991
174000921
155064096
129850535
111784155
74687750
19473763
219330851
194236134
167650798
139661903
113650975
93317528
65889285
37017430
15708440
215892612
190350421
161566362
134465094
116187316
87095613
54891479
26052871
227609382
169665768
133237019
110251462
84057423
61363405
41430746
19435324
219505531
197351039
172301022
149027666
